Forecast Report
Mon Apr 08 12:31:32 2019
Exponential Smoothing model for Papel

Forecasted Values

    Date    Forecast   Quarterly      Annual  97,5 Upper      Actual   Quarterly      Annual 97,5 Safety
--------------------------------------------------------------------------------------------------------
 1999-01     822,877                             916,632     895,000                              93,755
 1999-02     861,670                             960,813     856,000                             146,737
 1999-03     948,330    2632,876                1058,136     893,000    2644,000                 191,115
 1999-04     839,471                             938,605     875,000                             222,880
 1999-05     827,560                             926,431     835,000                             248,221
 1999-06     880,400    2547,431                 985,809     935,000    2645,000                 273,022
 1999-07     709,074                             797,973     833,000                             290,490
 1999-08     322,965                             378,245     300,000                             296,580
 1999-09     775,740    1807,780                 872,076     791,000    1924,000                 309,714
 1999-10     866,452                             972,724     900,000                             328,502
 1999-11     802,664                             903,604     782,000                             345,243
 1999-12     852,903    2522,019    9510,106     959,611     880,000    2562,000    9775,000     361,889
